       x                    % Relative error(x)
--------------------------------------------------
1.000000000000000021e-02 8.487519692805327351e-09
2.000000000000000042e-02 8.485485252761676026e-09
2.999999999999999889e-02 8.482016748387001772e-09
4.000000000000000083e-02 8.477204358535352682e-09
5.000000000000000278e-02 8.470939586693540038e-09
6.000000000000000472e-02 8.463392142732177244e-09
6.999999999999999278e-02 8.454456997374296357e-09
8.000000000000000167e-02 8.444116305642797893e-09
8.999999999999999667e-02 8.432430779631932097e-09
9.999999999999999167e-02 8.419277328665680953e-09
1.100000000000000006e-01 8.404708778241850735e-09
1.199999999999999956e-01 8.388731840182975422e-09
1.300000000000000044e-01 8.371434687550940631e-09
1.400000000000000133e-01 8.352639740551174323e-09
1.500000000000000222e-01 8.332515079619815063e-09
1.600000000000000033e-01 8.310876544661087107e-09
1.700000000000000122e-01 8.287825549407225145e-09
1.800000000000000211e-01 8.263313909117280745e-09
1.900000000000000022e-01 8.237379837485433032e-09
2.000000000000000111e-01 8.209940049476729161e-09
2.100000000000000200e-01 8.181080628383527943e-09
2.200000000000000011e-01 8.150728503703174253e-09
2.300000000000000100e-01 8.118917264860876118e-09
2.400000000000000189e-01 8.085617491333391395e-09
2.500000000000000000e-01 8.050806145317905286e-09
2.600000000000000089e-01 8.014451882957295044e-09
2.700000000000000178e-01 7.976607918583199734e-09
2.800000000000000266e-01 7.937233462372851140e-09
2.900000000000000355e-01 7.896295201320393503e-09
2.999999999999999889e-01 7.853812826530921749e-09
3.099999999999999978e-01 7.809748708409375610e-09
3.200000000000000067e-01 7.764148254615331337e-09
3.300000000000000155e-01 7.716894419548775930e-09
3.400000000000000244e-01 7.668050213925394396e-09
3.500000000000000333e-01 7.617543866103075842e-09
3.600000000000000422e-01 7.565429534111771906e-09
3.699999999999999956e-01 7.511663500968228111e-09
3.800000000000000044e-01 7.456227061941048109e-09
3.900000000000000133e-01 7.399140920043485417e-09
4.000000000000000222e-01 7.340305048652101263e-09
4.100000000000000311e-01 7.279766068258771624e-09
4.200000000000000400e-01 7.217535255946998897e-09
4.299999999999999933e-01 7.153513430429904603e-09
4.400000000000000022e-01 7.087722039267445121e-09
4.500000000000000111e-01 7.020197826601371977e-09
4.600000000000000200e-01 6.950843218558626854e-09
4.700000000000000289e-01 6.879658672411573392e-09
4.800000000000000377e-01 6.806646961178250918e-09
4.899999999999999911e-01 6.731799211181065698e-09
5.000000000000000000e-01 6.655082811568726157e-09
5.100000000000000089e-01 6.576470480176957306e-09
5.200000000000000178e-01 6.496004269234789382e-09
5.300000000000000266e-01 6.413586447844262357e-09
5.400000000000000355e-01 6.329216538261509214e-09
5.500000000000000444e-01 6.242860521591873446e-09
5.600000000000000533e-01 6.154549111958122187e-09
5.700000000000000622e-01 6.064220511786974376e-09
5.800000000000000711e-01 5.971923001555758728e-09
5.899999999999999689e-01 5.877536779241400601e-09
5.999999999999999778e-01 5.781063571962799372e-09
6.099999999999999867e-01 5.682540158486423254e-09
6.199999999999999956e-01 5.581940531925516348e-09
6.300000000000000044e-01 5.479181891202554386e-09
6.400000000000000133e-01 5.374291965632543385e-09
6.500000000000000222e-01 5.267240137379219578e-09
6.600000000000000311e-01 5.158020831790724550e-09
6.700000000000000400e-01 5.046613120190836410e-09
6.800000000000000488e-01 4.932907065581795140e-09
6.900000000000000577e-01 4.817007085025626300e-09
7.000000000000000666e-01 4.698814453964330089e-09
7.100000000000000755e-01 4.578347840004990286e-09
7.199999999999999734e-01 4.455558376731885178e-09
7.299999999999999822e-01 4.330438754403997060e-09
7.399999999999999911e-01 4.203036739882492325e-09
7.500000000000000000e-01 4.073201504086929027e-09
7.600000000000000089e-01 3.940975987039153625e-09
7.700000000000000178e-01 3.806372301668266822e-09
7.800000000000000266e-01 3.669295468273886253e-09
7.900000000000000355e-01 3.529785204365731255e-09
8.000000000000000444e-01 3.387806683013822848e-09
8.100000000000000533e-01 3.243361799342811218e-09
8.200000000000000622e-01 3.096368249884858103e-09
8.300000000000000711e-01 2.946869852426163060e-09
8.400000000000000799e-01 2.794798004172076177e-09
8.499999999999999778e-01 2.640163562212832472e-09
8.599999999999999867e-01 2.482967743321244746e-09
8.699999999999999956e-01 2.323134961695207600e-09
8.800000000000000044e-01 2.160706618970851986e-09
8.900000000000000133e-01 1.995581647702914432e-09
9.000000000000000222e-01 1.827852214904675803e-09
9.100000000000000311e-01 1.657380189064403034e-09
9.200000000000000400e-01 1.484267744765588252e-09
9.300000000000000488e-01 1.308368754324224291e-09
9.400000000000000577e-01 1.129795409442469919e-09
9.500000000000000666e-01 9.484548369665107519e-10
9.600000000000000755e-01 7.643719494591667949e-10
9.699999999999999734e-01 5.774714197716113902e-10
9.799999999999999822e-01 3.877915991344166023e-10
9.899999999999999911e-01 1.953295707344906399e-10
1.000000000000000000e+00 2.220446049250313081e-14
